0 0.4222222222222222 0.4588235294117647 0.03232323232323232 0.10823529411764705
0 0.24848484848484848 0.4470588235294118 0.044444444444444446 0.13176470588235295
0 0.5424242424242425 0.45176470588235296 0.030303030303030304 0.1223529411764706
0 0.6161616161616161 0.4788235294117647 0.03232323232323232 0.07294117647058823
0 0.7303030303030303 0.4682352941176471 0.03434343434343434 0.08470588235294117
0 0.9565656565656566 0.4647058823529412 0.04242424242424243 0.08705882352941176
0 0.26161616161616164 0.7870588235294118 0.03838383838383838 0.13411764705882354
0 0.3616161616161616 0.7894117647058824 0.04040404040404041 0.12941176470588237
0 0.4818181818181818 0.7894117647058824 0.03838383838383838 0.12941176470588237
0 0.7262626262626263 0.7976470588235294 0.04242424242424243 0.1223529411764706
0 0.9343434343434344 0.8023529411764706 0.03838383838383838 0.11294117647058824
