0 0.021169354838709676 0.45622119815668205 0.04233870967741935 0.0967741935483871
0 0.13004032258064516 0.4504608294930876 0.034274193548387094 0.11290322580645161
0 0.2086693548387097 0.4700460829493088 0.02620967741935484 0.06451612903225806
0 0.3225806451612903 0.46889400921658986 0.036290322580645164 0.07142857142857142
0 0.5534274193548387 0.47465437788018433 0.04233870967741935 0.08755760368663594
0 0.6713709677419355 0.4642857142857143 0.04032258064516129 0.08064516129032258
0 0.9163306451612904 0.4274193548387097 0.0625 0.1497695852534562
0 0.17842741935483872 0.7857142857142857 0.08669354838709678 0.12442396313364056
0 0.3225806451612903 0.7880184331797235 0.04838709677419355 0.11059907834101383
0 0.5604838709677419 0.7868663594470046 0.10080645161290322 0.12211981566820276
0 0.717741935483871 0.7972350230414746 0.04032258064516129 0.09216589861751152
0 0.9314516129032258 0.8006912442396313 0.05241935483870968 0.07142857142857142
0 0.07056451612903226 0.7811059907834101 0.04435483870967742 0.12903225806451613
