0 0.7148514851485148 0.7549668874172185 0.16237623762376238 0.2980132450331126
0 0.7277227722772277 0.7764900662251656 0.1405940594059406 0.22847682119205298
0 0.6128712871287129 0.8228476821192053 0.08118811881188119 0.20860927152317882
0 0.4 0.7897350993377483 0.08712871287128712 0.3344370860927152
0 0.19504950495049506 0.8112582781456954 0.04950495049504951 0.31788079470198677
0 0.403960396039604 0.29635761589403975 0.14653465346534653 0.5331125827814569
0 0.5445544554455446 0.5 0.039603960396039604 0.13245033112582782
0 0.6128712871287129 0.49503311258278143 0.033663366336633666 0.1357615894039735
0 0.7396039603960396 0.4735099337748344 0.053465346534653464 0.1456953642384106
0 0.8415841584158416 0.20033112582781457 0.1702970297029703 0.23509933774834438
