0 0.378698224852071 0.5481927710843374 0.0631163708086785 0.11244979919678715
0 0.48520710059171596 0.5502008032128514 0.047337278106508875 0.11244979919678715
0 0.5927021696252466 0.5301204819277109 0.0611439842209073 0.13654618473895583
0 0.606508875739645 0.8423694779116466 0.08086785009861933 0.15060240963855423
0 0.7544378698224852 0.8544176706827309 0.04930966469428008 0.10240963855421686
0 0.8905325443786982 0.8333333333333334 0.04930966469428008 0.11244979919678715
0 0.9704142011834319 0.8273092369477911 0.05128205128205128 0.09236947791164658
0 0.39349112426035504 0.8815261044176707 0.0611439842209073 0.11646586345381527
0 0.4921104536489152 0.8975903614457831 0.045364891518737675 0.0642570281124498
0 0.2938856015779093 0.9016064257028112 0.03944773175542406 0.07228915662650602
0 0.19723865877712032 0.9046184738955824 0.05128205128205128 0.0783132530120482
