0 0.05196078431372549 0.8015267175572519 0.06470588235294118 0.14122137404580154
0 0.20490196078431372 0.7958015267175572 0.052941176470588235 0.13358778625954199
0 0.4666666666666667 0.7929389312977099 0.054901960784313725 0.1316793893129771
0 0.9431372549019608 0.7824427480916031 0.06274509803921569 0.11068702290076336
0 0.8196078431372549 0.45038167938931295 0.0392156862745098 0.1183206106870229
0 0.9833333333333333 0.4570610687022901 0.029411764705882353 0.10114503816793893
0 0.5166666666666667 0.4761450381679389 0.03725490196078431 0.08587786259541985
0 0.2911764705882353 0.48950381679389315 0.14705882352941177 0.06297709923664122
0 0.052941176470588235 0.46946564885496184 0.047058823529411764 0.11450381679389313
0 0.888235294117647 0.07919847328244274 0.054901960784313725 0.05916030534351145
