0 0.9383697813121272 0.4882903981264637 0.03180914512922465 0.08665105386416862
0 0.8598409542743539 0.4894613583138173 0.04572564612326044 0.08430913348946135
0 0.7256461232604374 0.46604215456674475 0.05168986083499006 0.1451990632318501
0 0.6252485089463221 0.48711943793911006 0.05765407554671968 0.09836065573770492
0 0.5099403578528827 0.45901639344262296 0.061630218687872766 0.1358313817330211
0 0.1540755467196819 0.4918032786885246 0.02982107355864811 0.07962529274004684
0 0.27236580516898606 0.4929742388758782 0.03180914512922465 0.07259953161592506
0 0.1610337972166998 0.8290398126463701 0.09542743538767395 0.11241217798594848
0 0.31610337972166996 0.8302107728337237 0.0437375745526839 0.08665105386416862
0 0.4403578528827038 0.8337236533957846 0.041749502982107355 0.08899297423887588
0 0.5337972166998012 0.8360655737704918 0.04572564612326044 0.07962529274004684
0 0.6023856858846919 0.797423887587822 0.0636182902584493 0.14754098360655737
0 0.6978131212723658 0.8056206088992974 0.0636182902584493 0.1451990632318501
0 0.9224652087475149 0.7587822014051522 0.07554671968190854 0.234192037470726
0 0.8190854870775348 0.7985948477751756 0.07952286282306163 0.14988290398126464
