0 0.5148148148148148 0.8471400394477318 0.02962962962962963 0.11637080867850098
0 0.6731481481481482 0.8303747534516766 0.046296296296296294 0.14595660749506903
0 0.8416666666666667 0.8205128205128205 0.04259259259259259 0.16962524654832348
0 0.9046296296296297 0.8846153846153846 0.03148148148148148 0.05325443786982249
0 0.9564814814814815 0.8402366863905325 0.03518518518518519 0.1341222879684418
0 0.9490740740740741 0.47731755424063116 0.06111111111111111 0.22879684418145957
0 0.8888888888888888 0.1390532544378698 0.040740740740740744 0.14003944773175542
0 0.8203703703703704 0.16765285996055226 0.05555555555555555 0.09861932938856016
0 0.7203703703703703 0.18244575936883628 0.040740740740740744 0.0650887573964497
0 0.6212962962962963 0.1755424063116371 0.05 0.07889546351084813
0 0.5351851851851852 0.1913214990138067 0.040740740740740744 0.03944773175542406
0 0.4148148148148148 0.8668639053254438 0.037037037037037035 0.07297830374753451
0 0.31574074074074077 0.8530571992110454 0.03888888888888889 0.09270216962524655
0 0.21666666666666667 0.8560157790927022 0.044444444444444446 0.09072978303747535
0 0.12314814814814815 0.8520710059171598 0.027777777777777776 0.08678500986193294
