0 0.48217821782178216 0.5518962075848304 0.03762376237623762 0.07784431137724551
0 0.5435643564356436 0.5359281437125748 0.04554455445544554 0.1217564870259481
0 0.6405940594059406 0.8612774451097804 0.04950495049504951 0.10578842315369262
0 0.805940594059406 0.8572854291417166 0.06336633663366337 0.10179640718562874
0 0.4772277227722772 0.8642714570858283 0.04356435643564356 0.12375249500998003
0 0.32673267326732675 0.846307385229541 0.06336633663366337 0.1437125748502994
0 0.38811881188118813 0.7754491017964071 0.08712871287128712 0.28542914171656686
0 0.22673267326732674 0.8562874251497006 0.041584158415841586 0.12375249500998003
0 0.1782178217821782 0.8932135728542914 0.039603960396039604 0.0499001996007984
0 0.11485148514851486 0.8303393213572854 0.047524752475247525 0.17564870259481039
0 0.2079207920792079 0.47604790419161674 0.0594059405940594 0.23353293413173654
0 0.3891089108910891 0.18063872255489022 0.03762376237623762 0.08582834331337326
0 0.15544554455445544 0.1377245508982036 0.053465346534653464 0.14770459081836326
0 0.08613861386138613 0.17764471057884232 0.05742574257425743 0.08782435129740519
